Element 1: DF: 40.77062 	Drag: -1.192141
Lateral: 13.00154460487875
Longitudinal: 31.512941759624965
Vertical: 1.528342504494545

Element 2: DF: 14.24873 	Drag: 4.484556
Lateral: 17.13545778754019
Longitudinal: 26.469535868459594
Vertical: 2.815342141281383

Element 3: DF: 4.675690		Drag: 4.997594
Lateral: 17.18827337970151
Longitudinal: 21.53700630576524
Vertical: 6.161120068416741

X-Brace: DF: 11.48241		Drag: 1.703671
Longitudinal: 28.49342706248858
Vertical: 2.75